11 31
0000000000000000000000000000000
000 0 0 0 0 0 0 0 0 0 0 0 0 000
00    11144444444444444111   00
0 111111111111111111111111111 0
0012221                 1222100
0 12321        9        12321 0
0012221                 1222100
0 111111111111111111111111111 0
00    11144444444444444111   00
000 0 0 0 0 0 0 0 0 0 0 0 0 000
0000000000000000000000000000000
                               
                               
         @@@@@@@@@@@@@@        
                               
    +                     +    
   +++         *         +++   
    +                     +    
                               
         @@@@@@@@@@@@@@        
                               
                               