20 38
00000000000000000000000000000000000000
0    22                            110
0  222222                        11110
02222222222    33333333333333  11111 0
0 22222222222333333333333333311111   0
0   222222222223333333333331111133   0
0     22222222333333333331111133333  0
0      32222333333333331111133333333 0
0     33333333333333311111333333333330
0    333333333333331111133333333333330
0    333333333333333333333333333333330
0    333333333333333333333333333333330
0    333333333333333333333333333333330
0    333333333333333333333333333333330
0     333333333333333333333333333333 0
0      3333333333333333333333333333  0
0        3333333333333333333333333   0
0          333333333333333333333     0
0            3333333333333333        0
00000000000000000000000000000000000000
                                      
     **                            ++ 
   ******                        ++++ 
 **********    @@@@@@@@@@@@@@  +++++  
  ***********@@@@@@@@@@@@@@@@+++++    
    ***********@@@@@@@@@@@@+++++@@    
      ********@@@@@@@@@@@+++++@@@@@   
       @****@@@@@@@@@@@+++++@@@@@@@@  
      @@@@@@@@@@@@@@@+++++@@@@@@@@@@@ 
     @@@@@@@@@@@@@@+++++@@@@@@@@@@@@@ 
     @@@@@@@@@@@@@@@@@@@@@@@@@@@@@@@@ 
     @@@@@@@@@@@@@@@@@@@@@@@@@@@@@@@@ 
     @@@@@@@@@@@@@@@@@@@@@@@@@@@@@@@@ 
     @@@@@@@@@@@@@@@@@@@@@@@@@@@@@@@@ 
      @@@@@@@@@@@@@@@@@@@@@@@@@@@@@@  
       @@@@@@@@@@@@@@@@@@@@@@@@@@@@   
         @@@@@@@@@@@@@@@@@@@@@@@@@    
           @@@@@@@@@@@@@@@@@@@@@      
             @@@@@@@@@@@@@@@@         
                                      
