16 40
0000000000000000000000000000000000000000
0    11111   10          1             0
0        1     2 0          110    1   0
0       11           4    2 3   121    0
0  1     31   11     5                 0
01             11  111 11      2    1  0
0 2     0            111     111       0
0        050   9     1 10 0      1111  0
01       2                0  11     1  0
0       02           4       115  111  0
01    11      0     11 0  12 10       00
0 5 1 1    01 11      50    5          0
0   011         11           0    1    0
0        9              110 3  2 4   8 0
0       1                             10
0000000000000000000000000000000000000000
      @+                                
                                        
                            @           
                                        
               +     @                  
               +               @         
                             +          
                                        
         @                              
                     *                  
                                        
      +                                 
                @                       
                                        
                                        
                                        
