19 50
00000000000000000000000000000000000000000000000000
0      11       55                        111    0
0      24       555         0          0111111   0
0   654645      55          22            111    0
0        0                111                11  0
0       000      0            111111           110
0                  1111                 2214     0
0  111        0     11                           0
0      0     112            00   11111           0
0          0       11111      11111111           0
0   12278           111         11111        11110
0              8                         1111    0
0 0      0                   999     1111111     0
0       00   10111 0    111   99      11111      0
01000000           1    11             11111     0
0          1111        222       1110  1111      0
0           112    0                    11       0
0           111            2222    111           0
00000000000000000000000000000000000000000000000000
                                                  
        *       +                                 
                  @                               
      @  *                                        
                                                  
                                                  
                                                  
                                                  
                                                  
                                +                 
                     *                            
                                                  
                                                  
                                          @       
                                                  
                                        * @       
                                         +        
                             +     +@*            
                                                  
