25 25
0000000000000000000000000
0        111            0
0         111111        0
0         111111        0
0     0    11111  0     0
0          1111         0
0      1111111          0
0       111    1111     0
0   111 1111            0
0           0           0
0               1111    0
0                       0
0     55         55     0
0     22    0    22     0
0     1           1     0
0                       0
0        1    1    0    0
0  0      1111          0
0    0           111    0
0          0   111      0
0        111 111        0
0   111 111111111       0
0        1111   1111    0
0    0                  0
0000000000000000000000000
                         
                         
           *              
            +@             
                         
                         
                         
                         
                         
                         
                         
                         
      @@         @@      
                         
                         
                         
                         
                         
                         
                         
                         
             *+            
                  @       
                         
                         